%% mars dataset groundtruth
Pcam1=[1	5	7	9	15	19	21	27	33	41	47	49	51	55	61	65	67	73	75	81	91	93	101	103	105	107	109	111	113	115	121	123	127	133	137	139	145	147	153	155	157	159	161	163	165	167	175	177	179	181	183	189	191	193	195	197	199	201	203	207	209	215	219	221	223	225	227	229	231	233	235	237	239	241	243	247	251	255	257	259	261	263	267	269	271	273	275	279	281	283	285	289	293	295	299	303	305	307	309	311	313	315	319	321	323	325	327	331	333	341	343	347	349	351	353	357	359	361	363	365	369	371	375	377	379	383	385	387	393	399	403	405	407	409	411	415	417	421	425	431	435	437	441	443	449	453	455	457	459	463	465	467	469	471	473	475	477	479	481	483	485	489	491	493	497	499	501	503	505	507	515	517	519	521	525	527	529	531	533	535	537	543	545	547	551	553	557	565	567	569	571	573	575	577	579	583	585	591	597	599	601	605	607	609	611	613	615	617	621	623	625	627	631	633	635	639	641	643	645	647	651	653	655	657	659	661	665	669	671	673	677	679	681	687	689	691	695	697	699	703	705	707	709	711	717	719	723	725	727	729	731	733	739	743	745	749	757	759	761	767	769	775	781	783	785	787	789	791	793	795	797	801	805	807	809	811	815	817	819	825	827	831	837	839	841	845	851	855	859	861	863	865	867	869	873	875	881	883	885	889	895	899	901	903	907	909	911	913	915	919	921	923	925	927	931	933	935	939	943	947	955	961	963	967	969	971	973	977	979	983	985	987	989	991	993	997	999	1001	1003	1005	1007	1009	1011	1013	1015	1017	1019	1021	1023	1027	1029	1031	1033	1035	1047	1051	1057	1059	1063	1065	1067	1069	1073	1075	1077	1081	1085	1087	1089	1091	1097	1101	1105	1107	1109	1111	1113	1115	1117	1121	1123	1127	1129	1131	1133	1135	1137	1139	1141	1147	1149	1151	1153	1155	1157	1161	1163	1165	1173	1175	1177	1179	1181	1183	1185	1187	1189	1191	1193	1197	1199	1203	1205	1207	1211	1213	1217	1219	1221	1223	1225	1227	1229	1231	1233	1235	1239	1241	1243	1245	1249	1253	1261	1263	1265	1267	1269	1271	1273	1275	1277	1279	1281	1283	1285	1287	1291	1293	1297	1299	1305	1309	1313	1317	1321	1323	1327	1329	1331	1333	1335	1337	1339	1345	1347	1349	1351	1353	1355	1359	1365	1369	1371	1375	1377	1379	1381	1383	1385	1387	1391	1393	1395	1397	1399	1403	1405	1407	1413	1417	1419	1421	1427	1429	1431	1433	1435	1437	1439	1441	1443	1445	1453	1455	1457	1459	1469	1471	1473	1475	1477	1479	1481	1485	1487	1491	1493	1495	1497	1499];
Pcam2=[1	5	7	15	25	27	37	41	43	47	49	51	65	67	73	75	81	89	91	93	97	105	107	109	111	115	121	127	133	135	137	145	147	155	159	161	165	177	181	183	185	189	191	193	195	197	199	201	203	207	209	213	215	219	221	225	227	233	235	237	239	241	243	247	255	257	261	263	269	273	275	279	281	283	285	289	293	295	299	303	305	307	309	311	313	315	319	321	325	327	331	333	341	343	347	349	351	357	359	361	365	367	371	373	375	377	379	383	385	387	389	393	395	399	401	403	405	407	409	411	413	415	417	421	423	425	429	431	433	435	437	439	441	443	449	453	455	457	463	465	467	469	471	473	475	477	479	481	483	485	489	491	493	495	497	499	501	505	507	517	521	525	527	529	531	533	535	541	543	545	547	551	553	557	567	569	571	573	577	579	585	587	591	595	597	599	607	609	611	613	615	617	619	621	623	627	631	635	639	641	643	645	647	651	657	661	665	667	669	673	675	679	681	689	695	699	705	707	709	711	717	719	729	733	735	739	743	745	755	757	759	761	765	769	771	775	781	783	787	789	793	795	801	805	807	809	815	821	823	825	827	837	839	841	845	851	855	859	861	863	865	867	869	875	881	883	885	895	899	907	909	911	913	915	919	921	923	925	927	931	943	961	963	969	971	973	979	985	991	993	997	999	1001	1003	1005	1007	1009	1011	1013	1017	1019	1021	1023	1027	1029	1031	1033	1035	1051	1057	1063	1065	1067	1069	1071	1073	1075	1077	1081	1085	1087	1089	1091	1095	1097	1105	1107	1109	1111	1113	1115	1117	1121	1123	1129	1131	1133	1137	1139	1141	1147	1151	1153	1155	1157	1161	1163	1173	1175	1179	1181	1183	1185	1187	1189	1191	1193	1197	1199	1201	1205	1211	1213	1217	1219	1225	1227	1229	1239	1243	1245	1249	1253	1255	1261	1263	1265	1267	1269	1273	1275	1277	1279	1281	1283	1285	1287	1291	1293	1297	1299	1305	1309	1313	1317	1321	1327	1329	1331	1333	1335	1337	1339	1345	1347	1349	1351	1353	1355	1359	1369	1375	1379	1381	1383	1385	1387	1393	1395	1397	1403	1405	1409	1413	1417	1421	1427	1429	1431	1433	1439	1441	1443	1445	1453	1455	1457	1459	1469	1471	1475	1477	1479	1481	1485	1493	1495];
Pcam3=[1	5	15	21	23	25	27	35	43	49	51	65	67	75	81	89	91	93	97	101	103	105	107	109	113	115	121	123	127	133	135	137	139	145	147	155	159	163	165	177	183	185	189	193	195	197	201	207	209	213	215	219	221	223	225	227	229	231	233	235	237	239	241	243	247	251	255	257	259	261	263	265	267	269	273	275	277	279	281	283	285	289	293	297	299	301	303	307	309	313	315	319	321	325	329	331	333	335	341	343	345	347	349	351	353	355	357	359	361	363	365	369	373	375	377	379	381	383	385	387	389	393	395	397	399	401	403	405	407	409	411	413	415	417	419	421	423	425	427	429	431	433	435	437	439	441	443	445	447	449	451	453	455	457	461	463	467	469	471	473	475	477	479	481	485	487	489	491	493	495	497	499	501	503	505	507	517	519	521	523	525	527	529	531	533	535	541	543	545	547	551	553	555	557	561	565	567	569	571	573	575	577	579	581	583	585	587	589	591	595	597	601	603	605	607	609	611	613	615	617	619	621	623	625	627	629	631	633	635	637	639	641	643	645	647	649	651	653	655	657	659	665	667	669	671	673	675	677	679	681	683	685	687	689	691	693	695	697	699	703	705	707	709	711	713	715	717	721	723	725	727	729	731	733	735	737	741	743	745	749	751	753	755	757	759	761	763	765	767	771	773	775	781	783	785	787	789	793	795	797	799	801	805	807	809	811	813	815	817	819	821	825	827	829];
Pcam4=[1	3	5	15	17	23	35	41	51	61	75	81	91	109	111	121	123	127	137	153	155	157	161	163	167	175	181	183	187	197	207	209	215	231	237	239	269	275	281	285	299	319	329	333	343	355	357	359	361	367	371	387	409	419	427	433	441	445	447	449	451	459	461	473	475	483	491	493	511	513	515	517	521	531	535	537	547	551	561	565	567	569	571	577	581	605	621	625	661	671	677	683	685	687	689	691	693	709	713	717	719	727	739	745	751	755	773	775	777	783	793	797	799	801	803	809	811	813	829	831	833	851	873	881	889	917	927	941	943	947	949	953	967	995	1003	1013	1017	1029	1071	1073	1079	1081	1083	1085	1089	1105	1107	1131	1143	1145	1153	1159	1163	1173	1177	1179	1199	1201	1207	1225	1229	1235	1255	1257	1263	1269	1271	1273	1279	1291	1297	1299	1303	1305	1309	1315	1317	1327	1329	1349	1351	1353	1369	1377	1409	1417	1435	1437	1439	1443	1445	1449	1455	1461	1495];
Pcam5=[1	3	5	9	11	13	15	19	21	33	35	41	45	51	75	81	91	93	101	103	105	109	111	115	123	133	137	139	145	153	155	159	161	163	179	183	187	197	207	209	215	219	223	225	231	237	239	243	247	251	255	259	261	265	267	269	275	277	281	285	293	295	299	303	307	319	321	323	329	331	333	335	341	343	345	353	355	357	359	361	363	365	369	371	373	375	381	387	397	405	407	409	411	415	419	425	427	433	441	445	447	449	451	461	463	469	473	475	483	485	487	491	493	499	503	505	511	513	517	519	521	523	525	529	531	535	537	541	547	551	555	557	561	565	567	571	575	577	581	583	589	601	603	605	607	609	613	617	621	625	627	629	633	635	637	641	643	645	649	651	653	655	657	661	671	673	681	683	685	687	689	691	693	697	699	707	709	711	713	715	717	719	721	723	725	727	729	731	737	739	741	745	749	751	753	755	759	763	767	773	775	777	783	785	791	793	797	799	801	803	809	811	813	815	817	819	829	831	833	841	851	873	881	889	901	903	907	913	915	917	919	923	925	927	933	935	939	941	943	947	949	953	955	961	963	967	977	983	985	987	989	995	1003	1005	1007	1013	1015	1017	1019	1021	1023	1029	1031	1047	1051	1057	1059	1063	1071	1073	1079	1081	1083	1085	1091	1095	1101	1105	1107	1109	1111	1113	1115	1127	1131	1133	1135	1143	1145	1149	1151	1153	1155	1159	1163	1165	1173	1177	1179	1181	1189	1191	1193	1199	1201	1203	1207	1211	1221	1223	1225	1229	1231	1233	1235	1241	1249	1255	1257	1263	1267	1269	1271	1273	1275	1277	1279	1291	1297	1303	1305	1309	1315	1317	1321	1323	1327	1329	1347	1349	1351	1353	1365	1369	1371	1377	1379	1381	1385	1391	1393	1395	1399	1403	1407	1409	1417	1419	1429	1433	1435	1437	1439	1443	1445	1449	1455	1461	1473	1477	1487	1491	1495	1497	1499];
